11111111111111111111111111111111111111111
10001000100000000000000000100000100010001
10101011101011111111111011101110111010101
10101000101000001000001000001000000010101
10111110101111101011101111111011111110101
10100010001000101010000000001000000000101
10101011101010101110111111101111111011111
10001000100010100010100010001000000010001
11111010111110111010101010111011111110101
10000010000010001000101010100010000010101
10111111111010111111101110101110111010101
10100000001000100010000010101000101010101
10101011111111101011101010101011101011101
10101000100000101000101010101010001010001
10111110101011101110111010101010111010111
10120010101000100010000010100010001010001
10111010101110111011111010111111101011101
10101000101000100010001010001000001010001
10101110111011101110101111101011111011101
10100000000010001010100010101000000010001
10101111111110111010101010101111111110101
10101000000010100010101000100000000000101
10101011111010111010101011111111111110101
10100010001010100010101000001000100010101
10111110101010101110111111101010111011101
10100010100000100000100010001010100010001
10111010111111101111101110111010101110101
10000000100000101000000010000010001000101
11111011101110101111111011111111111011101
10001000100010100000001010000000100000101
10111110111011101110101010111110101110111
10000000000000101000101000100010100010001
11111111111110101011101110101010111111101
10000010000000101000100010101010000000101
10111010111111101111101010111010111110101
10101010100010001000001010001010100010001
10101010111010111011111011101010101111101
10100010001010001010000000001010100000101
10101111101011111010111111111010111110101
10100000001000000010000000000010000010031
11111111111111111111111111111111111111111
